0 0
1 0
2 0
3 0
4 0
5 0
6 0
7 0
8 0
9 0
10 0
11 0
12 0
13 0
14 0
15 0
16 0
17 0
18 0
19 0
20 0
21 0
22 0
23 0
24 0
25 0
26 0
27 0
28 0
29 0
30 0
31 0
32 0
33 0
34 0
35 183
36 916
37 916
38 916
39 916
40 916
41 916
42 916
43 916
44 916
45 916
46 916
47 916
48 916
49 916
50 916
51 916
52 916
53 916
54 916
55 916
56 916
57 916
58 916
59 916
60 916
61 916
62 916
63 916
64 916
65 916
66 916
67 916
68 916
69 916
70 916
71 916
72 916
73 916
74 916
75 916
76 916
77 916
78 916
79 916
80 916
81 916
82 916
83 916
84 8891
85 9166
86 2383
87 825
88 825
89 825
90 825
91 825
92 825
93 916
94 825
95 3575
96 9166
97 9166
98 9166
99 9166
100 9166
101 9166
102 9166
103 9166
104 9166
105 9166
106 9166
107 9166
108 9166
109 9166
110 9166
111 9166
112 9166
113 9166
114 9075
115 9075
116 9166
117 9166
118 9166
119 9166
120 9166
121 9166
122 9166
123 9166
124 9075
125 9166
126 9166
127 9075
128 9166
129 9166
130 9166
131 9166
132 9166
133 9166
134 9166
135 9166
136 9075
137 9166
138 9166
139 9075
140 9075
141 9166
142 9166
143 9166
144 9166
145 9166
146 9166
147 9166
148 9166
149 9166
150 9166
151 9166
152 9166
153 9166
154 9166
155 9166
156 9166
157 9166
158 9166
159 8341
160 4583
161 4583
162 4583
163 4583
164 4583
165 4583
166 4491
167 4583
168 4583
169 4583
170 4583
171 4583
172 4583
173 4583
174 4583
175 4583
176 4583
177 4583
178 4583
179 4583
180 4583
181 4583
182 4583
183 4583
184 4583
185 4583
186 4583
187 4583
188 4583
189 4583
190 4583
191 4583
192 4583
193 4583
194 4583
195 4491
196 4491
197 4583
198 4583
199 4583
200 4583
201 4583
202 4583
203 4583
204 4583
205 4583
206 4583
207 4583
208 4583
209 4583
210 4583
211 4583
212 4583
213 4583
214 4583
215 4491
216 4583
217 4583
218 4491
219 4583
220 4583
221 4583
222 4583
223 4583
224 4583
225 4583
226 4583
227 4583
228 4583
229 4583
230 4583
231 4583
232 4583
233 4583
234 4583
235 4583
236 4583
237 4583
238 4583
239 4583
240 4583
241 8250
242 7608
243 3025
244 7241
245 9166
246 9166
247 9166
248 9166
249 9166
250 9166
251 9166
252 9075
253 9166
254 9075
255 9166
256 9166
257 5958
258 1833
259 1833
260 1833
261 1833
262 1833
263 1833
264 1833
265 1833
266 1833
267 1833
268 1833
269 1833
270 1833
271 1833
272 1833
273 1833
274 1833
275 1833
276 1833
277 1833
278 1833
279 1833
280 1833
281 1833
282 1833
283 1833
284 1833
285 1833
286 1833
287 1833
288 1833
289 1833
290 1833
291 1833
292 1741
293 1833
294 1833
295 1833
296 1833
297 1833
298 1833
299 1833
300 1833
301 1833
302 1833
303 1833
304 1833
305 1833
306 1833
307 1833
308 1833
309 1833
310 1833
311 1833
312 1833
313 1833
314 1191
315 641
316 550
317 641
318 641
319 550
320 641
321 641
322 550
323 641
324 641
325 550
326 641
327 641
328 550
329 641
330 641
331 550
332 641
333 641
334 550
335 641
336 641
337 550
338 641
339 641
340 550
341 641
342 641
343 550
344 641
345 641
346 550
347 641
348 641
349 550
350 641
351 641
352 550
353 641
354 641
355 550
356 641
357 641
358 550
359 641
360 641
361 550
362 641
363 641
364 550
365 641
366 641
367 550
368 641
369 641
370 550
371 641
372 641
373 550
374 641
375 641
376 550
377 641
378 641
379 550
380 641
381 3758
382 9166
383 8983
384 9166
385 9166
386 7608
387 916
388 916
389 916
390 916
391 916
392 916
393 916
394 916
395 916
396 916
397 916
398 916
399 916
400 916
401 916
402 916
403 916
404 916
405 916
406 916
407 916
408 916
409 916
410 916
411 916
412 916
413 916
414 916
415 916
416 916
417 916
418 916
419 916
420 916
421 916
422 916
423 916
424 916
425 916
426 916
427 916
428 916
429 825
